%YAML:1.0
R: !!opencv-matrix
   rows: 3
   cols: 3
   dt: d
   data: [ 9.9915200082528033e-01, -1.0283086433256585e-03,
       4.1160925987800571e-02, 1.5750139457263847e-03,
       9.9991094901977684e-01, -1.3251919160636274e-02,
       -4.1143633503980932e-02, 1.3305510576574397e-02,
       9.9906464496066860e-01 ]
T: !!opencv-matrix
   rows: 3
   cols: 1
   dt: d
   data: [ -7.7643074818737517e+01, -2.9171972461959322e-01,
       1.6476421818645164e+00 ]
R1: !!opencv-matrix
   rows: 3
   cols: 3
   dt: d
   data: [ 9.9979887197866035e-01, 2.4456256010882338e-03,
       1.9905640045409314e-02, -2.3127490466541040e-03,
       9.9997490970166292e-01, -6.6956074405919745e-03,
       -1.9921515555933526e-02, 6.6482240162777217e-03,
       9.9977944284496267e-01 ]
R2: !!opencv-matrix
   rows: 3
   cols: 3
   dt: d
   data: [ 9.9976786307904175e-01, 3.7563170492965819e-03,
       -2.1215796864399172e-02, -3.6146680824317556e-03,
       9.9997094799228803e-01, 6.7109869660753486e-03,
       2.1240389097663327e-02, -6.6327410344553545e-03,
       9.9975239565471896e-01 ]
P1: !!opencv-matrix
   rows: 3
   cols: 4
   dt: d
   data: [ 8.8964929515863173e+02, 0., 3.2111330795288086e+02, 0., 0.,
       8.8964929515863173e+02, 2.3378419303894043e+02, 0., 0., 0., 1.,
       0. ]
P2: !!opencv-matrix
   rows: 3
   cols: 4
   dt: d
   data: [ 8.8964929515863173e+02, 0., 3.2111330795288086e+02,
       -6.9091145392195554e+04, 0., 8.8964929515863173e+02,
       2.3378419303894043e+02, 0., 0., 0., 1., 0. ]
Q: !!opencv-matrix
   rows: 4
   cols: 4
   dt: d
   data: [ 1., 0., 0., -3.2111330795288086e+02, 0., 1., 0.,
       -2.3378419303894043e+02, 0., 0., 0., 8.8964929515863173e+02, 0.,
       0., 1.2876458916819832e-02, 0. ]
