%YAML:1.0
M1: !!opencv-matrix
   rows: 3
   cols: 3
   dt: d
   data: [ 9.6551635064556808e+02, 0., 3.1773791970035461e+02, 0.,
       9.6641871202964944e+02, 2.3596024944635474e+02, 0., 0., 1. ]
D1: !!opencv-matrix
   rows: 1
   cols: 14
   dt: d
   data: [ -3.9316864726402979e-02, 2.4915138530833452e+00, 0., 0., 0.,
       0., 0., 1.4081896513341119e+01, 0., 0., 0., 0., 0., 0. ]
M2: !!opencv-matrix
   rows: 3
   cols: 3
   dt: d
   data: [ 9.6551635064556808e+02, 0., 3.2290020632888383e+02, 0.,
       9.6641871202964944e+02, 2.3229700001927699e+02, 0., 0., 1. ]
D2: !!opencv-matrix
   rows: 1
   cols: 14
   dt: d
   data: [ -4.7026815661520928e-02, 2.8666060020609905e+00, 0., 0., 0.,
       0., 0., 1.6091729857285713e+01, 0., 0., 0., 0., 0., 0. ]
