%YAML:1.0
R: !!opencv-matrix
   rows: 3
   cols: 3
   dt: d
   data: [ 9.9882290482848357e-01, 2.4036431672142759e-03,
       -4.8446127704025711e-02, -1.6357958795659101e-03,
       9.9987252025910067e-01, 1.5882928022081334e-02,
       4.8478128695634067e-02, -1.5784984328117826e-02,
       9.9869950701296062e-01 ]
T: !!opencv-matrix
   rows: 3
   cols: 1
   dt: d
   data: [ 5.6341695112643507e+01, 1.2163201343035495e+00,
       9.6330720040242934e-01 ]
R1: !!opencv-matrix
   rows: 3
   cols: 3
   dt: d
   data: [ 9.9923762022951901e-01, 2.3710294132600774e-02,
       -3.1016129194231967e-02, -2.3455446904791479e-02,
       9.9968827972602614e-01, 8.5548459316916407e-03,
       3.1209298751241430e-02, -7.8208267187062780e-03,
       9.9948227314990024e-01 ]
R2: !!opencv-matrix
   rows: 3
   cols: 3
   dt: d
   data: [ 9.9962102489386206e-01, 2.1580095821053896e-02,
       1.7091110393976316e-02, -2.1439392867081516e-02,
       9.9973508404871991e-01, -8.3734195875896974e-03,
       -1.7267281883257934e-02, 8.0038232397416330e-03,
       9.9981887349154952e-01 ]
P1: !!opencv-matrix
   rows: 3
   cols: 4
   dt: d
   data: [ 8.8420232108327832e+02, 0., 3.2673766708374023e+02, 0., 0.,
       8.8420232108327832e+02, 2.3935779380798340e+02, 0., 0., 0., 1.,
       0. ]
P2: !!opencv-matrix
   rows: 3
   cols: 4
   dt: d
   data: [ 8.8420232108327832e+02, 0., 3.2673766708374023e+02,
       4.9836344326246362e+04, 0., 8.8420232108327832e+02,
       2.3935779380798340e+02, 0., 0., 0., 1., 0. ]
Q: !!opencv-matrix
   rows: 4
   cols: 4
   dt: d
   data: [ 1., 0., 0., -3.2673766708374023e+02, 0., 1., 0.,
       -2.3935779380798340e+02, 0., 0., 0., 8.8420232108327832e+02, 0.,
       0., -1.7742118388439101e-02, 0. ]
