%YAML:1.0
M1: !!opencv-matrix
   rows: 3
   cols: 3
   dt: d
   data: [ 9.6524963873137949e+02, 0., 3.1972172680749372e+02, 0.,
       9.6601461296222567e+02, 2.3928181927965113e+02, 0., 0., 1. ]
D1: !!opencv-matrix
   rows: 1
   cols: 14
   dt: d
   data: [ -3.4458160463837241e-02, 2.5018051047230632e+00, 0., 0., 0.,
       0., 0., 1.2510982016275056e+01, 0., 0., 0., 0., 0., 0. ]
M2: !!opencv-matrix
   rows: 3
   cols: 3
   dt: d
   data: [ 9.6524963873137949e+02, 0., 3.1874801649090892e+02, 0.,
       9.6601461296222567e+02, 2.3966880902476115e+02, 0., 0., 1. ]
D2: !!opencv-matrix
   rows: 1
   cols: 14
   dt: d
   data: [ 4.7831020358500689e-02, -1.8448613300295463e-01, 0., 0., 0.,
       0., 0., -5.4370154524954337e+00, 0., 0., 0., 0., 0., 0. ]
