%YAML:1.0
calibration_time: "2016年10月27日 星期四 14时48分42秒"
image_width: 640
image_height: 480
board_width: 9
board_height: 7
square_size: 24.
aspectRatio: 1.
flags: 2
camera_matrix: !!opencv-matrix
   rows: 3
   cols: 3
   dt: d
   data: [ 9.5340579304500716e+02, 0., 3.1619709966636538e+02, 0.,
       9.5340579304500716e+02, 2.3840564792739511e+02, 0., 0., 1. ]
distortion_coefficients: !!opencv-matrix
   rows: 5
   cols: 1
   dt: d
   data: [ -6.5973586802856199e-02, 3.1721778304547512e+00,
       -1.7217201883546601e-04, 6.6230761845248909e-04,
       -1.8833731197980331e+01 ]
avg_reprojection_error: 2.0175928789682987e-01
