%YAML:1.0
calibration_time: "2016年11月25日 星期五 13时53分53秒"
image_width: 640
image_height: 480
board_width: 11
board_height: 8
square_size: 15.
aspectRatio: 1.
flags: 2
camera_matrix: !!opencv-matrix
   rows: 3
   cols: 3
   dt: d
   data: [ 9.5422345019294983e+02, 0., 3.2862614714774753e+02, 0.,
       9.5422345019294983e+02, 2.2339867432992952e+02, 0., 0., 1. ]
distortion_coefficients: !!opencv-matrix
   rows: 5
   cols: 1
   dt: d
   data: [ -1.4071452879226582e-02, 1.6089061149262178e+00,
       -1.3005817104740020e-03, 2.8436457285723350e-03,
       -6.8954387229600389e+00 ]
avg_reprojection_error: 1.4376475528424568e-01
