%YAML:1.0
calibration_time: "2016年11月16日 星期三 13时22分46秒"
image_width: 640
image_height: 480
board_width: 9
board_height: 6
square_size: 19.
aspectRatio: 1.
flags: 2
camera_matrix: !!opencv-matrix
   rows: 3
   cols: 3
   dt: d
   data: [ 9.1132510334653284e+02, 0., 2.6375923250877923e+02, 0.,
       9.1132510334653284e+02, 2.1763200733737952e+02, 0., 0., 1. ]
distortion_coefficients: !!opencv-matrix
   rows: 5
   cols: 1
   dt: d
   data: [ -3.0574963164847663e-01, 6.8732075594766355e+00,
       -1.4039863181472493e-02, -2.7783293071401517e-02,
       -4.2859070555830321e+01 ]
avg_reprojection_error: 9.0366480021879592e-01
