%YAML:1.0
calibration_time: "2016年11月16日 星期三 13时22分51秒"
image_width: 640
image_height: 480
board_width: 9
board_height: 6
square_size: 19.
aspectRatio: 1.
flags: 2
camera_matrix: !!opencv-matrix
   rows: 3
   cols: 3
   dt: d
   data: [ 9.2669185253241244e+02, 0., 2.7619979920413977e+02, 0.,
       9.2669185253241244e+02, 2.1213438052533641e+02, 0., 0., 1. ]
distortion_coefficients: !!opencv-matrix
   rows: 5
   cols: 1
   dt: d
   data: [ -2.1979815064908571e-02, 1.0870949541719459e+00,
       -1.9170187406772878e-02, -2.8474054445477886e-02,
       -8.1971842852726731e+00 ]
avg_reprojection_error: 6.5241801958971257e-01
