%YAML:1.0
R: !!opencv-matrix
   rows: 3
   cols: 3
   dt: d
   data: [ 9.9868828511293029e-01, 8.8361701718022714e-04,
       5.1195003654277739e-02, -2.4303807315832315e-04,
       9.9992162470728962e-01, -1.2517402894738822e-02,
       -5.1202051821089715e-02, 1.2488541295970872e-02,
       9.9861022737883531e-01 ]
T: !!opencv-matrix
   rows: 3
   cols: 1
   dt: d
   data: [ -6.2973458929432340e+01, -1.3508221530279036e+00,
       2.3940143895400467e+00 ]
R1: !!opencv-matrix
   rows: 3
   cols: 3
   dt: d
   data: [ 9.9967765902063266e-01, 2.1837032872221787e-02,
       1.2950754818362956e-02, -2.1751972720974910e-02,
       9.9974112872706933e-01, -6.6728715161651752e-03,
       -1.3093117954628322e-02, 6.3890161107003959e-03,
       9.9989386973586536e-01 ]
R2: !!opencv-matrix
   rows: 3
   cols: 3
   dt: d
   data: [ 9.9904867646712658e-01, 2.1430251840498269e-02,
       -3.7980078400861081e-02, -2.1181669742070069e-02,
       9.9975158730224090e-01, 6.9354562638314163e-03,
       3.8119272241487090e-02, -6.1243769236114520e-03,
       9.9925442860718772e-01 ]
P1: !!opencv-matrix
   rows: 3
   cols: 4
   dt: d
   data: [ 8.4430340214729210e+02, 0., 3.3230074691772461e+02, 0., 0.,
       8.4430340214729210e+02, 2.3802985763549805e+02, 0., 0., 0., 1.,
       0. ]
P2: !!opencv-matrix
   rows: 3
   cols: 4
   dt: d
   data: [ 8.4430340214729210e+02, 0., 3.3230074691772461e+02,
       -5.3219334424344241e+04, 0., 8.4430340214729210e+02,
       2.3802985763549805e+02, 0., 0., 0., 1., 0. ]
Q: !!opencv-matrix
   rows: 4
   cols: 4
   dt: d
   data: [ 1., 0., 0., -3.3230074691772461e+02, 0., 1., 0.,
       -2.3802985763549805e+02, 0., 0., 0., 8.4430340214729210e+02, 0.,
       0., 1.5864599046189507e-02, 0. ]
