%YAML:1.0
M1: !!opencv-matrix
   rows: 3
   cols: 3
   dt: d
   data: [ 9.7640346414777969e+02, 0., 3.1992819681559001e+02, 0.,
       9.7873447328877103e+02, 2.3946343046284201e+02, 0., 0., 1. ]
D1: !!opencv-matrix
   rows: 1
   cols: 14
   dt: d
   data: [ 1.9539423540889617e-01, -4.0702829839608752e+00, 0., 0., 0.,
       0., 0., -4.5111562571935231e+01, 0., 0., 0., 0., 0., 0. ]
M2: !!opencv-matrix
   rows: 3
   cols: 3
   dt: d
   data: [ 9.7640346414777969e+02, 0., 3.1815948889571274e+02, 0.,
       9.7873447328877103e+02, 2.3782969633986326e+02, 0., 0., 1. ]
D2: !!opencv-matrix
   rows: 1
   cols: 14
   dt: d
   data: [ 8.3639367098967188e-02, 2.7860891994243815e+00, 0., 0., 0.,
       0., 0., 2.8073391690025765e+01, 0., 0., 0., 0., 0., 0. ]
