%YAML:1.0
calibration_time: "2016年11月16日 星期三 13时28分03秒"
image_width: 640
image_height: 480
board_width: 9
board_height: 6
square_size: 19.
aspectRatio: 1.
flags: 2
camera_matrix: !!opencv-matrix
   rows: 3
   cols: 3
   dt: d
   data: [ 9.6535035811630610e+02, 0., 3.6797198433606462e+02, 0.,
       9.6535035811630610e+02, 2.0945810501947096e+02, 0., 0., 1. ]
distortion_coefficients: !!opencv-matrix
   rows: 5
   cols: 1
   dt: d
   data: [ 4.2396277984037972e-02, 8.2163955269445854e-01,
       -1.6240423063849021e-03, 2.2693781155293885e-02,
       -3.8246649696959008e+00 ]
avg_reprojection_error: 2.9631604667992500e-01
